1 75 0 set() 2.1457672119140625e-06
1 25 0 set() 1.430511474609375e-06
1 55 0 set() 1.1920928955078125e-06
2 75 26 (0,) 1.2159347534179688e-05
2 25 19 (0,) 8.344650268554688e-06
2 55 68 (0,) 7.867813110351562e-06
3 75 139 (0, 1) 1.9550323486328125e-05
3 25 102 (1, 2) 1.7404556274414062e-05
3 55 49 (0, 2) 1.71661376953125e-05
5 75 211 (1, 3, 4) 9.417533874511719e-05
5 25 115 (3, 4) 8.58306884765625e-05
5 55 139 (1, 2) 8.678436279296875e-05
7 75 283 (0, 2, 3, 5, 6) 0.0004820823669433594
7 25 100 (0, 1, 3) 0.0004892349243164062
7 55 130 (0, 1) 0.00045490264892578125
10 75 273 (0, 1, 2, 4, 6, 9) 0.0055522918701171875
10 25 159 (0, 3, 9) 0.005552530288696289
10 55 242 (3, 4, 6, 9) 0.005241870880126953
15 75 397 (4, 8, 9, 11, 12, 13) 0.24472355842590332
15 25 252 (2, 8, 10) 0.2616729736328125
15 55 228 (0, 3, 10, 11) 0.2516334056854248
20 75 554 (0, 9, 10, 11, 13, 16, 17, 18) 16.213544130325317
20 25 211 (2, 6, 8) 17.774500370025635
20 55 386 (2, 4, 9, 14, 16) 17.16389012336731
