13
1 6 8
1 4 59
8 5 28
1 8 70
6 7 87
2 5 100
4 9 65
5 6 4
2 3 57
2 7 34
3 4 45
9 7 41
5 1 10
0  1  0  1  1  1  1  0  1  1  0  1  0
1  0  1  1  1  0  1  1  1  1  1  1  1
0  1  0  0  1  1  0  1  1  1  1  1  1
1  1  0  0  0  1  1  1  1  1  1  0  0
1  1  1  0  0  0  1  0  1  1  0  1  1
1  0  1  1  0  0  1  1  1  1  1  1  0
1  1  0  1  1  1  0  1  1  1  0  1  1
0  1  1  1  0  1  1  0  0  1  1  1  1
1  1  1  1  1  1  1  0  0  1  1  1  1
1  1  1  1  1  1  1  1  1  0  1  0  1
0  1  1  1  0  1  0  1  1  1  0  0  0
1  1  1  0  1  1  1  1  1  0  0  0  1
0  1  1  0  1  0  1  1  1  1  0  1  0
