13
5 3 43
4 6 7
8 5 89
2 6 88
5 8 37
8 9 47
3 4 34
8 3 73
7 7 61
4 2 65
2 8 9
7 1 10
1 2 26
0  1  1  1  1  0  1  1  0  0  0  1  1
1  0  1  1  1  1  0  1  0  1  0  0  0
1  1  0  0  1  1  1  1  0  0  0  0  1
1  1  0  0  0  0  0  1  1  1  0  0  0
1  1  1  0  0  1  0  0  0  0  1  1  0
0  1  1  0  1  0  1  0  0  0  0  1  0
1  0  1  0  0  1  0  1  0  1  0  1  0
1  1  1  1  0  0  1  0  0  1  1  0  0
0  0  0  1  0  0  0  0  0  1  1  1  0
0  1  0  1  0  0  1  1  1  0  0  1  0
0  0  0  0  1  0  0  1  1  0  0  1  1
1  0  0  0  1  1  1  0  1  1  1  0  1
1  0  1  0  0  0  0  0  0  0  1  1  0
