15
5 1 97
6 6 35
4 8 80
9 3 39
9 7 65
8 5 24
1 5 45
1 8 6
3 3 53
5 7 93
3 7 10
3 5 82
6 8 27
3 1 23
1 3 7
0  1  0  1  1  1  0  0  0  0  1  1  1  0  1
1  0  1  1  1  1  0  1  1  0  1  0  1  1  1
0  1  0  0  1  0  0  0  1  0  0  1  0  0  1
1  1  0  0  0  0  0  0  1  0  1  1  0  1  0
1  1  1  0  0  0  1  1  0  1  0  0  0  0  0
1  1  0  0  0  0  0  1  1  0  0  1  1  1  1
0  0  0  0  1  0  0  1  1  0  1  0  0  0  1
0  1  0  0  1  1  1  0  1  1  0  0  0  0  0
0  1  1  1  0  1  1  1  0  1  0  0  0  1  1
0  0  0  0  1  0  0  1  1  0  0  1  0  1  0
1  1  0  1  0  0  1  0  0  0  0  1  1  0  1
1  0  1  1  0  1  0  0  0  1  1  0  0  1  1
1  1  0  0  0  1  0  0  0  0  1  0  0  0  1
0  1  0  1  0  1  0  0  1  1  0  1  0  0  1
1  1  1  0  0  1  1  0  1  0  1  1  1  1  0
