15
5 8 40
6 9 11
4 3 49
7 6 33
1 1 60
1 7 15
9 6 53
8 5 21
2 6 80
3 7 5
8 7 49
4 5 81
3 4 100
2 3 71
6 4 70
0  0  1  1  1  1  1  1  0  1  1  0  0  1  1
0  0  1  1  1  0  1  0  1  1  1  0  1  1  1
1  1  0  0  1  1  1  1  0  1  1  1  1  0  0
1  1  0  0  1  0  1  1  0  0  1  0  1  1  1
1  1  1  1  0  0  1  1  1  1  1  1  1  1  1
1  0  1  0  0  0  1  1  0  1  1  0  0  1  1
1  1  1  1  1  1  0  1  1  1  1  1  0  1  1
1  0  1  1  1  1  1  0  1  1  1  1  1  0  1
0  1  0  0  1  0  1  1  0  1  0  1  1  1  0
1  1  1  0  1  1  1  1  1  0  1  1  1  1  1
1  1  1  1  1  1  1  1  0  1  0  1  0  0  1
0  0  1  0  1  0  1  1  1  1  1  0  1  1  0
0  1  1  1  1  0  0  1  1  1  0  1  0  1  1
1  1  0  1  1  1  1  0  1  1  0  1  1  0  1
1  1  0  1  1  1  1  1  0  1  1  0  1  1  0
