17
5 3 65
3 6 9
7 1 10
1 6 26
8 7 43
8 2 25
1 8 20
7 6 75
4 5 27
9 8 18
3 1 12
1 4 25
6 5 56
1 1 27
3 3 72
9 1 19
7 9 4
0  1  0  1  0  1  1  0  1  0  1  1  0  1  0  1  0
1  0  1  1  1  0  1  1  0  1  1  1  0  0  1  1  1
0  1  0  0  0  1  1  1  0  0  0  1  1  0  1  0  1
1  1  0  0  0  0  1  0  1  0  1  0  0  0  0  0  0
0  1  0  0  0  0  1  0  1  1  0  0  1  0  0  0  0
1  0  1  0  0  0  1  1  0  0  1  1  1  1  0  0  0
1  1  1  1  1  1  0  1  0  1  0  1  0  0  0  1  0
0  1  1  0  0  1  1  0  1  0  1  1  1  1  0  0  1
1  0  0  1  1  0  0  1  0  1  0  0  0  0  1  1  1
0  1  0  0  1  0  1  0  1  0  1  0  0  1  0  1  1
1  1  0  1  0  1  0  1  0  1  0  1  0  1  1  0  1
1  1  1  0  0  1  1  1  0  0  1  0  0  0  1  1  0
0  0  1  0  1  1  0  1  0  0  0  0  0  1  0  1  0
1  0  0  0  0  1  0  1  0  1  1  0  1  0  1  0  0
0  1  1  0  0  0  0  0  1  0  1  1  0  1  0  0  0
1  1  0  0  0  0  1  0  1  1  0  1  1  0  0  0  1
0  1  1  0  0  0  0  1  1  1  1  0  0  0  0  1  0
