17
7 1 61
8 6 2
8 4 34
1 8 16
5 6 16
4 1 58
2 1 52
6 5 34
5 4 80
9 2 11
9 5 57
3 5 45
6 9 13
2 9 66
1 6 59
4 8 15
9 7 23
0  1  1  1  1  1  1  0  0  1  1  1  1  0  0  1  1
1  0  1  1  0  1  1  0  1  1  1  1  1  1  1  1  1
1  1  0  1  0  1  1  0  1  1  0  1  1  1  1  0  1
1  1  1  0  1  0  0  0  0  1  0  1  0  0  0  1  1
1  0  0  1  0  1  1  1  1  1  1  1  1  0  1  1  1
1  1  1  0  1  0  1  0  1  1  0  0  1  1  0  1  1
1  1  1  0  1  1  0  1  0  0  1  0  1  1  0  1  1
0  0  0  0  1  0  1  0  1  1  1  1  1  1  1  0  1
0  1  1  0  1  1  0  1  0  1  1  1  1  1  1  1  0
1  1  1  1  1  1  0  1  1  0  0  1  1  1  1  1  1
1  1  0  0  1  0  1  1  1  0  0  1  1  1  1  0  1
1  1  1  1  1  0  0  1  1  1  1  0  1  1  1  0  1
1  1  1  0  1  1  1  1  1  1  1  1  0  1  1  1  1
0  1  1  0  0  1  1  1  1  1  1  1  1  0  1  1  1
0  1  1  0  1  0  0  1  1  1  1  1  1  1  0  0  1
1  1  0  1  1  1  1  0  1  1  0  0  1  1  0  0  0
1  1  1  1  1  1  1  1  0  1  1  1  1  1  1  0  0
