20
4 3 29
1 3 37
2 1 25
9 2 87
8 8 98
2 6 63
5 5 97
8 1 85
3 4 2
4 7 55
7 6 71
8 4 74
6 8 22
1 5 95
5 1 72
1 9 60
3 9 90
9 7 93
6 2 47
9 5 38
0  1  0  1  1  1  1  1  1  1  1  1  1  1  1  0  1  1  1  1
1  0  1  1  1  0  1  1  0  0  1  1  1  0  1  1  1  1  1  1
0  1  0  0  1  1  1  1  0  1  0  1  1  0  0  1  0  1  0  0
1  1  0  0  1  1  1  1  0  1  1  1  1  0  0  1  1  1  1  1
1  1  1  1  0  1  1  1  0  1  1  0  1  1  0  1  1  1  0  0
1  0  1  1  1  0  0  1  1  0  0  1  1  1  1  0  1  1  1  0
1  1  1  1  1  0  0  1  0  1  1  1  0  1  1  1  1  0  0  1
1  1  1  1  1  1  1  0  1  1  1  0  1  1  1  1  0  1  1  1
1  0  0  0  0  1  0  1  0  1  0  1  0  1  1  1  0  1  0  1
1  0  1  1  1  0  1  1  1  0  1  1  1  1  1  1  1  1  1  1
1  1  0  1  1  0  1  1  0  1  0  1  1  1  0  0  1  1  1  1
1  1  1  1  0  1  1  0  1  1  1  0  1  1  0  1  1  1  1  1
1  1  1  1  1  1  0  1  0  1  1  1  0  1  1  1  1  0  0  1
1  0  0  0  1  1  1  1  1  1  1  1  1  0  0  1  1  1  1  1
1  1  0  0  0  1  1  1  1  1  0  0  1  0  0  1  0  1  1  0
0  1  1  1  1  0  1  1  1  1  0  1  1  1  1  0  1  1  0  1
1  1  0  1  1  1  1  0  0  1  1  1  1  1  0  1  0  1  1  1
1  1  1  1  1  1  0  1  1  1  1  1  0  1  1  1  1  0  1  1
1  1  0  1  0  1  0  1  0  1  1  1  0  1  1  0  1  1  0  0
1  1  0  1  0  0  1  1  1  1  1  1  1  1  0  1  1  1  0  0
