20
1 1 27
2 6 72
3 9 91
1 7 7
2 8 50
8 8 1
5 1 61
6 8 47
3 7 37
5 5 75
1 5 99
2 2 8
1 9 59
8 5 28
2 4 70
7 6 87
3 3 100
6 3 65
8 1 4
3 5 57
0  0  1  1  1  0  0  0  0  0  1  0  0  0  1  0  0  1  1  0
0  0  1  1  0  0  0  1  1  0  0  1  0  1  0  0  0  0  1  1
1  1  0  0  1  1  1  1  0  1  1  1  0  0  1  0  1  0  1  0
1  1  0  0  1  0  1  1  0  1  0  1  1  1  0  0  1  0  1  1
1  0  1  1  0  0  1  1  0  1  1  1  0  0  1  1  1  1  1  1
0  0  1  0  0  0  1  0  0  1  0  1  1  0  1  0  0  0  0  1
0  0  1  1  1  1  0  1  0  0  0  0  1  1  1  1  0  0  1  1
0  1  1  1  1  0  1  0  1  0  0  0  0  0  0  0  1  1  0  1
0  1  0  0  0  0  0  1  0  0  0  0  0  0  1  1  0  1  1  0
0  0  1  1  1  1  0  0  0  0  0  0  1  0  1  0  1  1  1  0
1  0  1  0  1  0  0  0  0  0  0  0  1  1  1  0  0  0  1  0
0  1  1  1  1  1  0  0  0  0  0  0  0  0  0  1  0  1  1  0
0  0  0  1  0  1  1  0  0  1  1  0  0  1  1  0  1  0  0  0
0  1  0  1  0  0  1  0  0  0  1  0  1  0  0  1  0  1  1  0
1  0  1  0  1  1  1  0  1  1  1  0  1  0  0  1  1  1  0  1
0  0  0  0  1  0  1  0  1  0  0  1  0  1  1  0  0  0  1  1
0  0  1  1  1  0  0  1  0  1  0  0  1  0  1  0  0  1  0  1
1  0  0  0  1  0  0  1  1  1  0  1  0  1  1  0  1  0  1  1
1  1  1  1  1  0  1  0  1  1  1  1  0  1  0  1  0  1  0  0
0  1  0  1  1  1  1  1  0  0  0  0  0  0  1  1  1  1  0  0
