25
3 4 19
9 3 13
1 5 89
9 1 68
4 5 47
8 2 19
5 3 26
2 3 13
9 9 96
5 9 72
1 2 67
1 8 33
2 9 38
2 6 9
4 8 81
7 8 12
7 6 48
6 1 50
9 6 14
7 4 71
5 7 98
6 5 77
2 1 39
4 1 60
3 2 29
0  0  1  0  1  0  0  0  0  0  0  0  0  0  1  0  0  0  1  0  1  0  0  0  0
0  0  0  1  1  1  0  1  0  0  0  0  1  1  1  0  1  1  0  1  0  0  0  1  0
1  0  0  1  0  0  0  1  1  1  0  0  0  0  0  1  0  0  1  0  0  0  1  1  0
0  1  1  0  0  0  0  0  0  0  0  1  0  0  0  1  1  0  0  0  1  0  0  0  1
1  1  0  0  0  0  0  0  1  0  0  0  0  0  0  0  1  0  0  0  1  0  0  0  0
0  1  0  0  0  0  1  1  0  0  1  0  0  0  0  0  0  0  0  1  1  0  0  0  0
0  0  0  0  0  1  0  0  1  0  0  0  0  0  0  0  0  0  0  0  0  0  0  0  0
0  1  1  0  0  1  0  0  1  1  0  0  0  0  0  1  1  0  0  0  0  0  0  1  0
0  0  1  0  1  0  1  1  0  0  0  1  1  0  0  0  0  0  0  1  0  1  0  0  1
0  0  1  0  0  0  0  1  0  0  0  1  1  0  1  0  0  1  0  0  0  1  1  0  0
0  0  0  0  0  1  0  0  0  0  0  1  0  0  0  1  0  0  0  0  0  0  1  0  0
0  0  0  1  0  0  0  0  1  1  1  0  0  1  0  1  0  0  0  1  0  0  0  1  1
0  1  0  0  0  0  0  0  1  1  0  0  0  1  0  0  0  0  0  0  1  0  1  0  0
0  1  0  0  0  0  0  0  0  0  0  1  1  0  0  0  0  1  0  0  0  0  0  0  0
1  1  0  0  0  0  0  0  0  1  0  0  0  0  0  1  0  0  0  0  0  1  0  0  0
0  0  1  1  0  0  0  1  0  0  1  1  0  0  1  0  0  0  1  1  0  0  0  0  1
0  1  0  1  1  0  0  1  0  0  0  0  0  0  0  0  0  0  0  0  1  0  0  0  0
0  1  0  0  0  0  0  0  0  1  0  0  0  1  0  0  0  0  0  0  0  0  0  0  0
1  0  1  0  0  0  0  0  0  0  0  0  0  0  0  1  0  0  0  0  0  0  0  0  0
0  1  0  0  0  1  0  0  1  0  0  1  0  0  0  1  0  0  0  0  0  0  0  0  0
1  0  0  1  1  1  0  0  0  0  0  0  1  0  0  0  1  0  0  0  0  0  1  1  0
0  0  0  0  0  0  0  0  1  1  0  0  0  0  1  0  0  0  0  0  0  0  0  0  0
0  0  1  0  0  0  0  0  0  1  1  0  1  0  0  0  0  0  0  0  1  0  0  0  1
0  1  1  0  0  0  0  1  0  0  0  1  0  0  0  0  0  0  0  0  1  0  0  0  0
0  0  0  1  0  0  0  0  1  0  0  1  0  0  0  1  0  0  0  0  0  0  1  0  0
