25
7 5 53
1 8 36
9 8 42
1 5 38
3 2 86
6 3 32
2 6 62
5 5 61
1 1 29
8 9 22
9 1 58
3 5 92
6 7 73
6 1 3
9 6 63
3 8 5
4 7 66
8 4 81
8 2 78
2 4 47
4 1 17
2 9 54
5 2 38
7 8 56
4 4 63
0  1  1  1  1  0  1  1  1  1  1  0  1  1  1  1  1  1  1  1  1  1  1  1  1
1  0  1  1  0  1  1  1  1  1  1  1  1  0  1  1  1  1  1  1  1  1  1  1  1
1  1  0  1  0  1  1  1  1  0  1  1  1  0  0  1  1  1  1  0  1  1  1  1  1
1  1  1  0  1  0  1  1  0  0  1  1  1  1  0  0  0  1  1  1  0  1  0  1  1
1  0  0  1  0  0  0  1  0  1  1  1  1  1  1  1  1  1  1  1  1  1  1  1  1
0  1  1  0  0  0  0  1  1  0  0  0  1  1  1  1  1  0  0  1  1  1  0  0  1
1  1  1  1  0  0  0  1  0  1  1  1  0  0  1  0  1  1  0  1  0  0  0  1  1
1  1  1  1  1  1  1  0  0  1  1  1  1  1  1  1  1  0  1  1  0  1  1  1  1
1  1  1  0  0  1  0  0  0  1  0  1  1  1  1  1  1  0  1  1  1  1  0  1  1
1  1  0  0  1  0  1  1  1  0  1  0  1  1  0  1  1  1  0  1  1  0  1  0  1
1  1  1  1  1  0  1  1  0  1  0  1  0  1  1  1  1  1  1  1  1  0  1  0  1
0  1  1  1  1  0  1  1  1  0  1  0  1  1  0  1  1  0  0  0  1  1  1  1  0
1  1  1  1  1  1  0  1  1  1  0  1  0  1  0  1  1  1  1  0  0  1  0  1  0
1  0  0  1  1  1  0  1  1  1  1  1  1  0  1  1  1  0  1  1  1  1  1  1  1
1  1  0  0  1  1  1  1  1  0  1  0  0  1  0  1  1  0  0  1  1  1  1  1  1
1  1  1  0  1  1  0  1  1  1  1  1  1  1  1  0  1  1  0  1  0  1  1  0  1
1  1  1  0  1  1  1  1  1  1  1  1  1  1  1  1  0  0  1  1  1  1  1  1  1
1  1  1  1  1  0  1  0  0  1  1  0  1  0  0  1  0  0  1  1  0  1  1  1  0
1  1  1  1  1  0  0  1  1  0  1  0  1  1  0  0  1  1  0  1  0  1  1  0  1
1  1  0  1  1  1  1  1  1  1  1  0  0  1  1  1  1  1  1  0  1  1  1  1  0
1  1  1  0  1  1  0  0  1  1  1  1  0  1  1  0  1  0  0  1  0  1  1  1  1
1  1  1  1  1  1  0  1  1  0  0  1  1  1  1  1  1  1  1  1  1  0  1  0  0
1  1  1  0  1  0  0  1  0  1  1  1  0  1  1  1  1  1  1  1  1  1  0  0  1
1  1  1  1  1  0  1  1  1  0  0  1  1  1  1  0  1  1  0  1  1  0  0  0  1
1  1  1  1  1  1  1  1  1  1  1  0  0  1  1  1  1  0  1  0  1  0  1  1  0
