25
8 2 53
1 4 10
7 8 7
5 2 13
3 9 86
9 4 41
3 1 10
4 7 40
6 1 11
3 5 49
6 9 33
1 1 60
2 2 15
8 9 89
2 7 18
8 5 28
1 8 75
6 7 31
5 5 100
3 3 71
6 4 70
9 7 88
7 3 61
9 1 2
7 6 34
0  1  1  0  0  1  0  1  0  1  1  1  0  1  0  1  1  1  1  1  0  0  1  1  1
1  0  1  1  1  0  0  0  1  1  0  0  1  1  1  0  1  1  0  1  0  1  0  0  0
1  1  0  1  1  0  1  0  1  1  1  0  1  0  1  1  0  0  1  1  0  1  0  0  1
0  1  1  0  1  1  0  1  0  0  0  0  0  1  1  1  1  1  0  1  0  1  1  0  0
0  1  1  1  0  1  0  0  1  0  0  1  1  0  0  1  1  0  0  1  0  0  0  0  0
1  0  0  1  1  0  0  1  1  0  1  0  0  1  0  0  1  0  1  1  0  0  1  1  0
0  0  1  0  0  0  0  0  0  0  0  1  0  1  1  0  0  0  0  1  0  1  0  1  0
1  0  0  1  0  1  0  0  1  1  0  1  1  1  1  0  1  1  0  0  0  1  1  1  0
0  1  1  0  1  1  0  1  0  0  1  1  1  1  0  0  0  1  0  1  0  0  1  1  0
1  1  1  0  0  0  0  1  0  0  0  1  1  1  1  0  0  0  1  0  0  1  0  1  0
1  0  1  0  0  1  0  0  1  0  0  1  0  0  0  0  1  1  1  0  0  0  0  0  0
1  0  0  0  1  0  1  1  1  1  1  0  0  0  1  1  1  0  0  0  1  0  0  1  0
0  1  1  0  1  0  0  1  1  1  0  0  0  1  1  0  0  1  0  1  1  1  1  0  1
1  1  0  1  0  1  1  1  1  1  0  0  1  0  0  1  1  1  0  1  1  0  0  0  0
0  1  1  1  0  0  1  1  0  1  0  1  1  0  0  0  0  0  0  1  0  0  1  1  0
1  0  1  1  1  0  0  0  0  0  0  1  0  1  0  0  0  1  1  1  1  1  0  1  0
1  1  0  1  1  1  0  1  0  0  1  1  0  1  0  0  0  0  1  1  1  0  1  0  0
1  1  0  1  0  0  0  1  1  0  1  0  1  1  0  1  0  0  1  1  0  0  0  1  1
1  0  1  0  0  1  0  0  0  1  1  0  0  0  0  1  1  1  0  1  1  1  0  0  0
1  1  1  1  1  1  1  0  1  0  0  0  1  1  1  1  1  1  1  0  0  1  1  0  1
0  0  0  0  0  0  0  0  0  0  0  1  1  1  0  1  1  0  1  0  0  0  1  0  0
0  1  1  1  0  0  1  1  0  1  0  0  1  0  0  1  0  0  1  1  0  0  1  1  1
1  0  0  1  0  1  0  1  1  0  0  0  1  0  1  0  1  0  0  1  1  1  0  0  0
1  0  0  0  0  1  1  1  1  1  0  1  0  0  1  1  0  1  0  0  0  1  0  0  1
1  0  1  0  0  0  0  0  0  0  0  0  1  0  0  0  0  1  0  1  0  1  0  1  0
